0.10   0.10  0.10  0.10  0.10  0.79   1.00   1.00  1.47  1.14
3.55   3.53  3.53  3.48  3.63  3.48   3.48   3.48  3.64  3.38
7.03   7.10  7.00  7.20  7.01  7.00   7.12   7.07  7.05  7.00
10.63  10.51 10.73 10.51 10.65 10.46  10.55  10.50 10.44 10.51
14.12  14.03 13.96 14.10 14.10 13.96  14.06  14.22 14.03 14.08
17.55  17.48 17.37 17.52 17.48 17.51  17.48  17.55 17.46 17.41
20.82  20.79 20.29 20.89 20.79 20.79  20.68  20.73 21.03 20.72
24.37  24.30 24.41 24.20 24.16 24.34  24.25  23.96 24.23 24.16
27.75  27.82 27.73 27.42 27.68 27.75  27.68  27.08 27.65 27.59
31.15  31.09 30.71 31.23 31.06 31.11  31.13  28.09 30.78 30.37
