3.55  1164 0.10  1024 0.10  918 0.10  751 0.10  598 1.62  478
6.65  1167 3.50  1019 3.48  919 3.48  753 3.48  601 3.62  477
10.44 1168 6.98  1019 7.00  919 7.00  753 7.00  600 7.00  480
13.89 1166 10.44 1021 10.44 920 10.44 753 10.44 601 10.38 479
17.48 1166 13.89 1019 13.89 919 13.86 755 13.93 600 13.14 480
20.79 1165 17.34 1022 17.34 923 17.34 755 17.41 604 17.48 479
24.14 1166 20.79 1021 20.51 923 20.72 757 20.77 605 20.77 481
27.23 1165 24.16 1023 23.89 926 24.16 757 24.32 605 24.20 485
30.96 1166 27.68 1023 27.30 924 27.65 758 27.61 607 27.59 484
15.68 1166 31.16 1026 30.71 925 31.06 760 31.13 607 31.06 484
0.10  1166 15.68 1021 15.68 921 15.72 754 15.84 603 15.65 480
0.10  1161 0.10  1020 0.10  920 0.10  750 0.10  600 1.76  476
3.55  1160 nan   []   nan   []  0.10  748 nan   []  nan   []