1164  1024 918  751 598  478 425 340 278 246 218
1167  1019 919  753 601  477 427 341 278 245 219 
1168  1019 919  753 600  480 427 341 279 246 219
1166  1021 920  753 601  479 429 343 279 247 220
1166  1019 919  755 600  480 429 344 281 248 221
1165  1022 923  755 604  479 431 344 282 249 222
1166  1021 923  757 605  481 433 345 283 251 223
1165  1023 926  757 605  485 433 346 284 251 223
1166  1023 924  758 607  484 433 348 285 252 225
1166  1026 925  760 607  484 436 348 286 252 225
 

