0.10  0.10  0.10  0.10  0.10  0.79  0.86  0.77  0.88  0.72  0.81
3.55  3.62  3.57  3.45  0.10  0.79  1.03  0.93  0.89  0.85  1.03
7.07  7.01  7.01  7.00  0.45  0.90  2.17  2.20  2.17  2.17  2.48
10.48 10.51 10.48 10.39 1.41  2.17  3.56  3.51  3.48  3.51  3.55
13.91 13.96 13.96 13.86 3.29  2.19  7.01  7.01  7.00  7.01  7.01
17.34 17.37 17.48 17.48 6.96  3.51  10.44 10.41 10.41 10.48 10.62
20.36 20.66 20.82 20.92 10.41 7.04  13.96 13.99 13.93 14.03 13.96
24.30 24.44 24.26 24.27 13.93 10.43 17.36 17.25 17.41 17.51 17.38
27.80 27.72 27.59 27.68 17.34 13.96 20.75 20.79 20.67 20.77 20.82
31.25 31.20 31.13 31.09 20.79 17.34 24.27 24.16 24.23 24.20 24.23
15.48 17.51 15.62 17.17 24.14 20.82 27.65 27.63 27.58 27.66 27.65
0.10  0.10  0.10  0.10  27.68 24.23 31.11 31.09 31.08 31.09 31.21






















