1401 1241 1096 926 723 584 494 421 366 313 265
1401 1241 1096 928 724 586 494 422 366 313 265
1405 1243 1097 930 723 587 495 421 366 312 265
1405 1242 1100 931 725 585 496 422 367 313 266
1407 1241 1101 931 723 587 496 424 368 314 267
1411 1242 1101 933 726 586 497 425 369 314 268
1412 1247 1107 934 728 588 498 426 370 316 270
1415 1248 1106 937 729 589 499 426 371 318 270
1417 1252 1111 936 731 590 501 428 372 318 271
1419 1256 1113 940 733 595 503 429 374 319 272
1409 1248 1102 931 732 597 504 431 375 320 272
1403 1241 1095 924 736 596 504 432 376 322 273












